%YAML:1.0
---
CameraExtrinsicMat: !!opencv-matrix
   rows: 4
   cols: 4
   dt: d
   data: [ 1.5426360183850896e-01, -6.8597082105982421e-02,
       9.8564556584725482e-01, 4.7539938241243362e-02,
       -9.8802970661938061e-01, -1.0912135033489312e-02,
       1.5387730224640517e-01, 3.1389930844306946e-01,
       1.9996357324159053e-04, -9.9758476614047986e-01,
       -6.9459300162133530e-02, -5.5608768016099930e-02, 0., 0., 0., 1. ]
CameraMat: !!opencv-matrix
   rows: 3
   cols: 3
   dt: d
   data: [ 1.8269980040000000e+03, 0., 1.1745486719999999e+03, 0.,
       1.8026031359999999e+03, 7.7602859699999999e+02, 0., 0., 1. ]
DistCoeff: !!opencv-matrix
   rows: 1
   cols: 5
   dt: d
   data: [ -1.3698099999999999e-01, 4.3159000000000003e-02,
       6.2350000000000001e-03, 1.8953999999999999e-02, 0. ]
ImageSize: [ 1920, 1440 ]
ReprojectionError: 0
DistModel: plumb_bob
