%YAML:1.0
---
CameraExtrinsicMat: !!opencv-matrix
   rows: 4
   cols: 4
   dt: d
   data: [ -2.1022535018250471e-01, -9.2112145235168197e-02,
       9.7330398891652492e-01, -1.4076865278184414e-02,
       -9.7735897207277012e-01, -4.6117027185500481e-03,
       -2.1153763709301088e-01, -3.1732881069183350e-01,
       2.3973774202277975e-02, -9.9573795995643932e-01,
       -8.9057134763516621e-02, -7.2184838354587555e-02, 0., 0., 0., 1. ]
CameraMat: !!opencv-matrix
   rows: 3
   cols: 3
   dt: d
   data: [ 1.7906344740000000e+03, 0., 9.7309929199999999e+02, 0.,
       1.7859505340000001e+03, 8.0329445699999997e+02, 0., 0., 1. ]
DistCoeff: !!opencv-matrix
   rows: 1
   cols: 5
   dt: d
   data: [ -1.9106999999999999e-01, 1.0032400000000000e-01,
       4.2500000000000003e-03, -3.3170000000000001e-03, 0. ]
ImageSize: [ 1920, 1440 ]
ReprojectionError: 0
DistModel: plumb_bob
