image_width: 1920
image_height: 1440
camera_name: camera1 
camera_matrix:
  rows: 3
  cols: 3
  data: [1826.998004, 0.000000, 1174.548672, 0.000000, 1802.603136, 776.028597, 0.000000, 0.000000, 1.000000]
distortion_model: plumb_bob
distortion_coefficients:
  rows: 1
  cols: 5
  data: [-0.136981, 0.043159, 0.006235, 0.018954, 0.000000]
rectification_matrix:
  rows: 3
  cols: 3
  data: [1.000000, 0.000000, 0.000000, 0.000000, 1.000000, 0.000000, 0.000000, 0.000000, 1.000000]
projection_matrix:
  rows: 3
  cols: 4
  data: [1713.493408, 0.000000, 1222.344929, 0.000000, 0.000000, 1765.724121, 784.442916, 0.000000, 0.000000, 0.000000, 1.000000, 0.000000]
