image_width: 1920
image_height: 1440
camera_name: camera6 
camera_matrix:
  rows: 3
  cols: 3
  data: [1790.634474, 0.000000, 973.099292, 0.000000, 1785.950534, 803.294457, 0.000000, 0.000000, 1.000000]
distortion_model: plumb_bob
distortion_coefficients:
  rows: 1
  cols: 5
  data: [-0.191070, 0.100324, 0.004250, -0.003317, 0.000000]
rectification_matrix:
  rows: 3
  cols: 3
  data: [1.000000, 0.000000, 0.000000, 0.000000, 1.000000, 0.000000, 0.000000, 0.000000, 1.000000]
projection_matrix:
  rows: 3
  cols: 4
  data: [1700.111694, 0.000000, 968.086282, 0.000000, 0.000000, 1727.704102, 812.255409, 0.000000, 0.000000, 0.000000, 1.000000, 0.000000]
